8352
9206
2806
6973
6271
6848
3464
4129
3613
7166
7687
7093
5327
3859
8377
8884
4439
3967
5469
4907
8094
7478
6791
7136
2825
2184
5608
5890
8778
1274
8680
6778
2172
331
9903
647
3788
1804
8791
7964
1953
6478
6072
3119
6099
6253
7859
6973
6939
7717
421
4842
7926
1109
2839
223
8440
7570
4117
7659
9811
8820
7461
9742
2646
6431
6723
4768
662
2110
3986
8878
5740
2063
1885
9508
1184
1010
784
3227
2643
5543
5175
8585
4483
8878
3811
6897
8728
8398
387
6793
6039
4907
6321
3076
437
4563
5395
1930
4478
9309
501
4359
3367
3726
5752
1927
1515
1010
3468
2094
2576
1501
1723
784
8992
2981
179
6926
4624
4625
9408
1306
4744
1501
2619
1082
4285
3033
8675
6542
8314
9368
275
3859
322
4884
9974
1430
6404
7179
6453
1935
3997
1696
3076
6880
3372
1894
2508
2004
4451
7379
8646
8083
6110
432
7395
350
608
238
4760
3313
5727
5556
1134
7951
5049
2545
1384
8820
2452
9914
6605
3872
5982
7144
7695
4850
9054
1872
179
1079
7318
8312
2898
1281
1693
3726
3640
312
7922
4731
9609
5897
3765
4052
2802
8845
3357
2105
260
6981
2982
7066
8079
7600
4812
1252
8088
4562
2171
4561
1360
8523
9031
49
8878
309
3933
3056
2689
7547
704
4008
9408
9951
8884
4020
7011
2746
6483
6681
9507
3447
9408
6530
6526
2069
8698
3897
5663
249
3490
9835
3539
792
6534
2978
7423
7334
7286
1277
6012
9164
5022
4002
9230
5071
4522
5132
1192
137
7108
4052
5373
5710
3861
2166
274
2007
5559
9858
7853
3125
4577
7956
6975
6459
8534
2821
8727
6458
7298
1860
3947
1838
6333
2643
9548
2009
1634
674
8591
7629
4324
778
7394
8550
3317
8066
2491
4517
7318
6905
2573
4517
534
2952
218
1222
7052
5595
7856
3609
3107
5507
6194
628
8991
5435
4394
2877
3227
4002
3914
2573
631
2583
7727
5428
9380
8618
9495
4999
2166
6728
5127
4008
3025
9344
3997
2622
393
6550
3125
9996
247
8922
8025
3376
5225
7034
8495
3073
8412
2566
6169
1421
3971
6633
2030
6423
2342
8676
851
2839
1071
3754
1857
6310
4557
2094
5659
2534
4077
2693
9054
2312
8650
6930
5551
4019
6756
3965
3039
4839
7968
8728
4651
2094
3965
4837
6262
6171
2524
6927
5835
3669
5634
9739
7556
6280
6506
4698
6253
2469
9276
49
858
9208
9656
7501
2463
5178
8849
9984
7413
8813
8290
6530
9346
6031
8734
3553
3769
1008
4740
2469
7406
7694
2799
91
5908
9930
6958
9560
6492
4316
4860
2512
3979
8596
5884
600
2039
345
2312
457
3297
4488
4590
8181
177
6501
1673
8206
3581
2013
5501
9455
4627
1817
7669
7537
5847
2166
6099
2583
6905
3229
6248
5889
3936
9578
9872
4247
107
1373
3914
1682
5582
5838
3229
865
7742
4177
3347
8730
1508
8161
7947
5750
1193
4488
9916
4726
4034
8290